0.0307 9.99200722163e-15 (array(33.50633346865583), 7.9765754779785472e-107)
0.0105 9.99200722163e-15 (array(41.353451868937746), 1.2256350670130199e-130)
0.0131 9.99200722163e-15 (array(39.82790955561364), 2.9941740027322042e-126)
0.0102 9.99200722163e-15 (array(41.57698999494742), 2.8489436502866573e-131)
0.0678 9.99200722163e-15 (array(26.74240012621785), 1.1132281375760751e-83)
0.0397 9.99200722163e-15 (array(31.432595628262238), 5.4177539957404459e-100)
0.0214 9.99200722163e-15 (array(36.27891657960416), 1.3423147052935071e-115)
0.051 1.57137494883e-06 (array(29.300052294359904), 1.0087293551126194e-92)
0.149 9.99200722163e-15 (array(18.64626459787411), 4.3183541729513757e-53)
0.0229 0.000580387417908 (array(35.77437443484323), 4.9466550785352633e-114)
0.0165 9.99200722163e-15 (array(38.18835836689104), 2.0812843914744136e-121)
0.0111 9.99200722163e-15 (array(40.969197585896055), 1.524512547707303e-129)
0.0463 9.99200722163e-15 (array(30.12539057451711), 1.4479697931452935e-95)
0.0661 9.99200722163e-15 (array(26.967661499751266), 1.7229667490694254e-84)
