0.0,0.0,0.2
0.0,0.0,0.4
0.0,0.0,0.6
0.0,0.0029,0.8
0.0,0.0302,1.0
0.0068,0.0364,1.2
0.0236,0.0794,1.4
0.027,0.0975,1.6
0.0372,0.1152,1.8
0.0574,0.202,2.0
0.098,0.2317,2.2
0.1081,0.2867,2.4
0.1115,0.2736,2.6
0.1216,0.3088,2.8
0.1385,0.3384,3.0
0.1554,0.4042,3.2
0.1586,0.4045,3.4
0.1586,0.4316,3.6
0.2027,0.4835,4.0
0.2061,0.4907,3.8
0.2095,0.4936,4.4
0.2196,0.5195,4.2
0.2264,0.5331,4.8
0.2399,0.5568,4.6
0.25,0.5632,5.0
0.2601,0.5784,5.2
0.2838,0.6107,5.6
0.2872,0.6121,5.4
0.3007,0.6418,6.2
0.3041,0.6188,5.8
0.3209,0.6441,6.0
0.3243,0.6444,6.4
0.3243,0.6515,6.6
0.3243,0.6585,6.8
0.3311,0.651,7.0
0.3378,0.6612,7.2
0.3378,0.6736,7.6
0.3412,0.684,7.4
0.348,0.6828,8.2
0.3547,0.6878,8.0
0.3547,0.6907,7.8
0.3682,0.7018,8.6
0.3682,0.7034,8.4
0.3682,0.7086,8.8
0.369,0.7053,9.2
0.3716,0.7049,9.0
0.3818,0.7154,9.6
0.3851,0.7209,9.8
0.3885,0.7164,9.4
0.3919,0.7142,10.0
0.4054,0.7224,10.2
0.4189,0.7205,10.4
0.4189,0.7262,10.8
0.4223,0.729,10.6
0.4223,0.7303,11.4
0.4276,0.7251,11.0
0.4291,0.727,11.8
0.4291,0.7301,11.6
0.4291,0.7317,12.0
0.4324,0.7257,11.2
0.4358,0.7363,12.4
0.4392,0.7325,13.0
0.4392,0.7331,12.6
0.4426,0.7375,13.8
0.4426,0.7381,13.2
0.4448,0.7331,12.2
0.4483,0.7451,14.4
0.4493,0.7413,12.8
0.4493,0.7434,14.2
0.4493,0.7439,14.0
0.4527,0.7385,13.4
0.4527,0.7428,13.6
0.4527,0.7437,14.6
0.4561,0.7405,14.8
0.4561,0.7451,15.0
0.4561,0.7497,15.6
0.4628,0.7464,15.2
0.4628,0.747,15.4
0.469,0.7474,15.8
0.4696,0.7507,16.6
0.473,0.7501,16.0
0.473,0.7504,16.2
0.4764,0.7538,17.0
0.4797,0.7487,16.4
0.4797,0.7536,16.8
0.4831,0.7534,17.8
0.4865,0.7547,17.6
0.4899,0.7544,17.2
0.4899,0.7585,18.0
0.4932,0.7554,17.4
0.4932,0.757,19.2
0.4932,0.7577,18.6
0.4932,0.759,18.8
0.4932,0.7592,18.4
0.4966,0.755,18.2
0.5,0.7575,19.0
0.5,0.7583,19.6
0.5,0.7631,19.4
0.5069,0.76,19.8
0.5101,0.7605,20.4
0.5135,0.7634,20.2
0.5203,0.7624,20.6
0.5203,0.7628,20.0
0.5236,0.7659,20.8
0.5236,0.7661,21.2
0.5276,0.7697,21.4
0.5304,0.7678,21.8
0.5304,0.7678,21.6
0.5338,0.7688,22.2
0.5338,0.7688,21.0
0.5372,0.7718,22.4
0.5379,0.77,22.8
0.5405,0.7657,22.0
0.5405,0.7692,23.0
0.5405,0.7732,24.2
0.5439,0.7713,22.6
0.5439,0.7729,23.4
0.5439,0.7752,23.8
0.5439,0.7753,24.0
0.5448,0.7714,24.6
0.5473,0.7741,24.4
0.5483,0.7793,26.0
0.5507,0.7706,23.2
0.5507,0.7767,23.6
0.5507,0.7793,24.8
0.5507,0.7798,25.0
0.5507,0.7808,25.8
0.5507,0.7811,26.2
0.5541,0.7814,25.6
0.5541,0.782,25.4
0.5541,0.7824,25.2
0.5574,0.7799,26.6
0.5574,0.7802,27.0
0.5574,0.783,26.4
0.5574,0.7865,28.6
0.5608,0.7827,26.8
0.5608,0.7887,27.4
0.5642,0.7886,27.2
0.5642,0.7905,28.2
0.5642,0.7909,27.8
0.5676,0.7876,27.6
0.5676,0.7876,28.0
0.569,0.7949,31.6
0.569,0.801,33.0
0.5709,0.7911,28.4
0.5709,0.793,29.0
0.5709,0.7939,30.4
0.5709,0.7945,29.8
0.5709,0.7959,28.8
0.5709,0.7967,29.6
0.5743,0.7922,29.4
0.5743,0.7925,29.2
0.5743,0.796,30.2
0.5743,0.7971,30.8
0.5743,0.7975,30.0
0.5743,0.7981,31.0
0.5777,0.7989,32.2
0.5777,0.8018,32.4
0.5777,0.8021,32.6
0.5793,0.8047,35.2
0.5811,0.7982,30.6
0.5811,0.7997,31.4
0.5811,0.7999,31.8
0.5811,0.8031,33.8
0.5845,0.8047,33.4
0.5845,0.8052,33.2
0.5862,0.8082,36.4
0.5878,0.8042,31.2
0.5878,0.8062,32.8
0.5912,0.8056,32.0
0.5912,0.8082,34.2
0.5946,0.8049,33.6
0.5946,0.8097,34.8
0.5946,0.8123,35.4
0.5946,0.8125,36.0
0.598,0.8074,34.0
0.598,0.8077,34.4
0.598,0.8116,34.6
0.6014,0.8098,36.2
0.6047,0.8121,35.8
0.6047,0.8128,35.0
0.6047,0.8133,35.6
0.6047,0.8155,37.2
0.6047,0.8161,37.0
0.6081,0.8145,36.6
0.6081,0.8147,37.8
0.6115,0.8133,38.0
0.6115,0.8193,39.0
0.6115,0.8206,40.0
0.6138,0.8155,41.0
0.6138,0.8186,40.8
0.6149,0.814,36.8
0.6149,0.8161,39.2
0.6149,0.8161,38.2
0.6149,0.8165,37.4
0.6149,0.8171,39.8
0.6149,0.8193,39.4
0.6182,0.8163,38.6
0.6182,0.817,37.6
0.6182,0.8178,38.4
0.6182,0.8222,39.6
0.6182,0.8231,41.8
0.6216,0.8169,40.4
0.6216,0.818,38.8
0.6216,0.8216,41.4
0.6216,0.8218,40.2
0.6241,0.8262,46.6
0.625,0.8209,40.6
0.625,0.8223,42.0
0.625,0.8239,42.8
0.625,0.8249,41.2
0.625,0.8256,42.2
0.6276,0.831,48.4
0.6276,0.8327,49.6
0.6284,0.8202,41.6
0.6284,0.8247,42.6
0.6284,0.825,43.0
0.6284,0.825,43.2
0.6284,0.8256,43.6
0.6284,0.8269,43.4
0.6284,0.8274,45.8
0.6284,0.8275,44.8
0.6284,0.8276,42.4
0.6284,0.8289,43.8
0.6284,0.8291,44.0
0.6284,0.8291,44.4
0.6284,0.8297,44.6
0.6284,0.83,45.6
0.6284,0.8311,47.0
0.6284,0.8317,45.4
0.6284,0.8333,47.4
0.6284,0.8334,45.2
0.6318,0.8284,45.0
0.6318,0.829,46.0
0.6318,0.8311,44.2
0.6318,0.8319,46.4
0.6318,0.8325,46.8
0.6318,0.8329,47.6
0.6318,0.8332,46.2
0.6318,0.8333,47.2
0.6318,0.8344,48.2
0.6318,0.8346,47.8
0.6318,0.8348,48.8
0.6318,0.835,49.2
0.6318,0.836,48.0
0.6318,0.836,48.6
0.6318,0.837,49.0
0.6318,0.8373,49.4
