0.0,0.0,0.2
0.0,0.0,0.4
0.0,0.0036,0.6
0.0,0.0058,0.8
0.0,0.0226,1.0
0.0,0.0228,1.2
0.0101,0.0632,1.6
0.0169,0.0575,1.4
0.0304,0.1008,1.8
0.0372,0.1472,2.0
0.0676,0.1802,2.2
0.0709,0.2091,2.4
0.0811,0.2139,2.6
0.0946,0.2511,2.8
0.1149,0.2987,3.0
0.125,0.2908,3.2
0.1379,0.3357,3.4
0.1379,0.347,3.6
0.1655,0.4091,4.0
0.1689,0.434,3.8
0.1993,0.4722,4.2
0.1993,0.4814,4.4
0.2095,0.4956,4.6
0.2162,0.5271,4.8
0.223,0.5194,5.0
0.2264,0.5393,5.2
0.2432,0.5509,5.4
0.25,0.5462,5.6
0.2838,0.6167,6.2
0.2872,0.6056,5.8
0.2905,0.5864,6.0
0.2939,0.5999,6.4
0.3041,0.6205,6.6
0.3142,0.6283,7.2
0.3142,0.6415,6.8
0.3176,0.6284,7.0
0.3176,0.6291,7.4
0.3243,0.6442,7.6
0.3243,0.6447,8.0
0.3277,0.6535,8.2
0.3311,0.6555,7.8
0.3412,0.6691,8.4
0.3514,0.6842,8.8
0.3547,0.6843,9.6
0.3581,0.6841,8.6
0.3581,0.69,9.4
0.3581,0.6944,9.0
0.3649,0.6926,10.0
0.3682,0.6983,9.8
0.369,0.6975,9.2
0.3851,0.7034,10.8
0.3885,0.7007,10.2
0.3885,0.7022,11.2
0.3885,0.7034,10.6
0.4,0.7069,11.0
0.402,0.7012,10.4
0.4054,0.7178,12.0
0.4122,0.7188,11.4
0.4138,0.7054,12.2
0.4155,0.7119,11.8
0.4155,0.7168,12.8
0.4189,0.7163,12.4
0.4223,0.7155,11.6
0.4223,0.716,12.6
0.4223,0.7181,13.4
0.4223,0.7208,13.2
0.4223,0.7211,13.0
0.4291,0.7192,14.2
0.431,0.7211,14.4
0.4324,0.7252,14.6
0.4324,0.726,15.2
0.4358,0.7263,13.8
0.4358,0.7334,14.8
0.4426,0.7256,13.6
0.4426,0.7271,14.0
0.4426,0.7316,15.4
0.4459,0.7344,16.6
0.4493,0.7285,16.4
0.4493,0.7294,15.0
0.4493,0.7309,15.6
0.4493,0.7346,17.0
0.4493,0.7358,16.0
0.4527,0.7327,16.2
0.4527,0.7424,17.2
0.4552,0.7352,15.8
0.4561,0.7384,16.8
0.4561,0.7402,17.4
0.4561,0.7447,17.6
0.4595,0.7437,17.8
0.4628,0.7409,18.0
0.4655,0.7428,19.8
0.4655,0.7432,19.0
0.4662,0.7384,18.6
0.4696,0.7415,18.4
0.4696,0.7441,19.6
0.473,0.7399,18.8
0.473,0.7404,18.2
0.4797,0.7449,19.2
0.4797,0.7479,20.4
0.4831,0.7425,20.2
0.4831,0.7441,20.0
0.4831,0.7468,19.4
0.4932,0.7518,21.6
0.4966,0.745,20.8
0.4966,0.7461,20.6
0.4966,0.7488,21.2
0.5,0.7531,21.8
0.5034,0.7475,21.0
0.5034,0.7481,21.4
0.5034,0.7491,22.8
0.5101,0.7477,22.6
0.5101,0.7531,22.2
0.5101,0.7534,23.0
0.5101,0.7537,22.0
0.5169,0.7548,23.6
0.5169,0.7551,22.4
0.5169,0.757,23.8
0.5169,0.7574,23.4
0.5169,0.759,24.4
0.5203,0.7548,23.2
0.5203,0.7576,24.0
0.5203,0.7595,24.8
0.5203,0.7597,25.4
0.5236,0.7596,25.2
0.5304,0.7615,25.0
0.5304,0.7619,24.2
0.5304,0.7642,25.6
0.531,0.7638,24.6
0.5338,0.7624,26.4
0.5345,0.7653,26.0
0.5372,0.758,26.2
0.5372,0.7637,25.8
0.5379,0.7712,31.6
0.5405,0.7627,26.6
0.5439,0.7655,27.4
0.5439,0.7661,26.8
0.5439,0.7711,28.0
0.5439,0.7716,27.2
0.5439,0.773,29.2
0.5473,0.7675,27.0
0.5473,0.7686,28.6
0.5473,0.7711,28.4
0.5473,0.7714,27.8
0.5473,0.772,27.6
0.5473,0.772,28.2
0.5473,0.7724,29.0
0.5473,0.7806,31.0
0.5473,0.7815,29.6
0.5507,0.7774,30.0
0.5507,0.7807,30.6
0.5507,0.7822,30.8
0.5517,0.7824,33.0
0.5541,0.7734,29.4
0.5541,0.7757,28.8
0.5541,0.7811,29.8
0.5541,0.7825,30.2
0.5552,0.7822,35.2
0.5552,0.7842,36.4
0.5574,0.7824,30.4
0.5574,0.7838,31.2
0.5608,0.7798,31.4
0.5608,0.7839,33.2
0.5608,0.7853,31.8
0.5608,0.7853,32.0
0.5608,0.7854,34.0
0.5608,0.7857,32.4
0.5608,0.7867,34.8
0.5608,0.7874,34.4
0.5608,0.7881,32.6
0.5608,0.7885,33.6
0.5608,0.7902,33.4
0.5608,0.7902,35.0
0.5642,0.7881,32.2
0.5642,0.7888,34.6
0.5642,0.7896,34.2
0.5676,0.788,33.8
0.5676,0.788,32.8
0.5676,0.7907,36.0
0.5676,0.7922,35.8
0.5676,0.7946,35.6
0.5709,0.7935,35.4
0.5743,0.7907,36.2
0.5743,0.7983,37.0
0.5777,0.7982,38.4
0.5811,0.7964,37.2
0.5811,0.7979,36.8
0.5811,0.7982,36.6
0.5811,0.799,37.8
0.5811,0.7999,37.6
0.5828,0.8038,41.0
0.5845,0.7996,38.6
0.5845,0.8007,37.4
0.5845,0.8024,38.0
0.5845,0.8046,38.2
0.5862,0.7999,40.8
0.5878,0.8035,39.0
0.5878,0.8037,40.0
0.5912,0.8022,39.2
0.5946,0.8018,39.4
0.5946,0.8021,38.8
0.5946,0.8065,39.8
0.5946,0.8087,41.6
0.598,0.8043,40.6
0.598,0.8076,41.2
0.598,0.809,43.2
0.6014,0.8031,40.4
0.6014,0.8043,40.2
0.6014,0.8052,39.6
0.6014,0.8068,42.2
0.6014,0.8097,45.2
0.6014,0.8099,42.8
0.6014,0.8152,43.6
0.6034,0.8125,48.4
0.6034,0.8136,49.6
0.6034,0.8173,46.6
0.6047,0.8067,44.2
0.6047,0.8071,42.4
0.6047,0.8084,41.8
0.6047,0.8095,45.0
0.6047,0.812,43.8
0.6047,0.8121,44.6
0.6047,0.8127,43.0
0.6047,0.8127,45.8
0.6081,0.8093,42.0
0.6081,0.8106,44.4
0.6081,0.8112,46.2
0.6081,0.8128,42.6
0.6081,0.8134,44.8
0.6081,0.8152,47.4
0.6081,0.8161,47.2
0.6081,0.8161,45.4
0.6081,0.8168,48.2
0.6081,0.8173,47.6
0.6081,0.8178,48.0
0.6081,0.8191,46.8
0.6115,0.8101,41.4
0.6115,0.8131,46.0
0.6115,0.8164,46.4
0.6115,0.818,49.4
0.6115,0.8184,47.0
0.6115,0.8211,48.8
0.6149,0.814,43.4
0.6149,0.8155,45.6
0.6149,0.8212,49.0
0.6149,0.8236,48.6
0.6149,0.8256,49.2
0.6182,0.8098,44.0
0.6182,0.8189,47.8
