0.0439,0.239,0.4
0.0473,0.226,0.2
0.0676,0.2754,0.6
0.0878,0.3947,0.8
0.1047,0.4196,1.0
0.1453,0.4624,1.2
0.1655,0.4742,1.4
0.223,0.5469,1.6
0.2635,0.5824,1.8
0.2939,0.6061,2.0
0.3007,0.5894,2.2
0.3041,0.6225,2.6
0.3311,0.6368,2.4
0.3412,0.6314,2.8
0.3621,0.6538,3.6
0.3716,0.6406,3.2
0.3716,0.6636,3.0
0.3724,0.6589,3.4
0.3818,0.6745,3.8
0.3953,0.6928,4.0
0.4122,0.6989,4.2
0.4291,0.7124,4.4
0.4358,0.727,4.6
0.4392,0.7201,4.8
0.4459,0.7232,5.0
0.4527,0.7281,5.4
0.4595,0.7321,5.2
0.4662,0.7483,5.6
0.473,0.7492,5.8
0.4797,0.7551,6.2
0.4865,0.7583,6.0
0.4899,0.7547,6.4
0.4932,0.7691,7.8
0.5034,0.7787,7.2
0.5068,0.7747,6.8
0.5101,0.7796,7.0
0.5135,0.7812,7.6
0.5169,0.7812,7.4
0.5203,0.7799,6.6
0.527,0.7978,8.4
0.5276,0.7972,9.2
0.5405,0.7973,8.0
0.5473,0.8018,11.2
0.5473,0.8117,9.8
0.5541,0.8024,8.2
0.5541,0.8071,10.2
0.5541,0.8071,10.4
0.5574,0.8057,8.6
0.5608,0.8038,8.8
0.5608,0.8058,9.4
0.5608,0.8099,10.0
0.5608,0.811,9.6
0.5642,0.8121,9.0
0.5655,0.8173,11.0
0.5655,0.8179,12.2
0.5676,0.818,11.8
0.5709,0.8115,10.8
0.5709,0.8201,11.6
0.5743,0.8148,12.0
0.5743,0.8157,11.4
0.5743,0.8192,10.6
0.5743,0.8242,13.4
0.5777,0.8223,13.0
0.5777,0.8275,13.2
0.5811,0.8295,13.6
0.5878,0.8279,12.8
0.5878,0.8282,12.4
0.5878,0.8322,12.6
0.5912,0.8328,15.2
0.5912,0.837,15.0
0.598,0.8332,14.0
0.598,0.834,14.6
0.598,0.8363,14.2
0.6,0.8386,14.4
0.6047,0.8331,14.8
0.6081,0.8254,13.8
0.6081,0.8372,15.4
0.6115,0.8363,16.4
0.6182,0.8375,16.2
0.6182,0.8387,15.6
0.6182,0.8427,16.0
0.6216,0.8417,17.2
0.6216,0.844,16.8
0.6216,0.8441,17.8
0.6241,0.8375,15.8
0.6241,0.8532,19.8
0.625,0.8435,16.6
0.625,0.8448,19.2
0.625,0.8457,18.2
0.6318,0.846,18.6
0.6318,0.8464,18.0
0.6351,0.8449,17.6
0.6351,0.8452,17.0
0.6351,0.8457,18.4
0.6351,0.8493,20.6
0.6385,0.8476,20.8
0.6385,0.8525,21.2
0.6414,0.8469,19.0
0.6419,0.8465,18.8
0.6419,0.8471,19.4
0.6419,0.8482,17.4
0.6453,0.8518,22.2
0.6453,0.8576,20.0
0.6486,0.8447,19.6
0.6486,0.854,20.2
0.6486,0.8568,21.8
0.6486,0.858,21.6
0.652,0.8553,22.6
0.6554,0.8489,21.0
0.6586,0.8585,22.8
0.6588,0.8532,23.4
0.6588,0.8539,20.4
0.6588,0.8576,22.4
0.6588,0.8585,25.8
0.6588,0.8594,24.4
0.6588,0.861,25.6
0.6588,0.8617,25.2
0.6621,0.861,24.6
0.6622,0.8593,23.6
0.6622,0.8594,23.0
0.6622,0.8597,23.2
0.6622,0.8601,24.8
0.6622,0.8606,22.0
0.6622,0.8608,25.4
0.6622,0.8635,24.0
0.6655,0.8565,21.4
0.6655,0.8574,23.8
0.6655,0.861,24.2
0.6655,0.8632,27.0
0.6655,0.8638,27.4
0.6655,0.865,27.2
0.6655,0.8654,26.4
0.6655,0.8657,26.8
0.6655,0.8663,26.6
0.6655,0.8677,28.2
0.6689,0.8617,26.2
0.6689,0.8623,25.0
0.6689,0.8644,27.6
0.6689,0.8668,30.2
0.6689,0.873,32.2
0.669,0.8668,26.0
0.669,0.8703,31.6
0.6723,0.8654,28.0
0.6723,0.8656,28.6
0.6723,0.8657,28.4
0.6723,0.8696,29.2
0.6723,0.87,29.8
0.6723,0.8708,28.8
0.6757,0.866,27.8
0.6757,0.8689,30.6
0.6757,0.8691,30.8
0.6757,0.8699,29.4
0.6757,0.8705,29.6
0.6757,0.871,30.4
0.6757,0.8714,31.2
0.6757,0.8716,31.0
0.6757,0.8734,31.8
0.6791,0.8692,30.0
0.6791,0.8741,33.2
0.6791,0.8749,34.6
0.6793,0.8765,36.4
0.6824,0.8697,31.4
0.6824,0.8708,29.0
0.6824,0.8713,32.0
0.6824,0.8734,32.4
0.6824,0.8738,33.8
0.6824,0.8749,32.8
0.6828,0.8758,33.0
0.6858,0.8733,33.6
0.6858,0.8746,32.6
0.6858,0.8749,34.8
0.6858,0.875,37.4
0.6858,0.8755,35.0
0.6858,0.877,36.0
0.6862,0.8706,35.2
0.6892,0.8722,34.0
0.6892,0.8739,36.2
0.6892,0.8742,36.6
0.6892,0.8749,35.4
0.6892,0.8761,35.8
0.6892,0.8764,34.4
0.6892,0.8767,34.2
0.6892,0.8814,37.2
0.6926,0.8718,33.4
0.6926,0.8762,40.0
0.6926,0.878,38.0
0.6959,0.8762,35.6
0.6959,0.878,37.6
0.6959,0.8789,38.8
0.6959,0.8792,38.2
0.6959,0.8799,39.0
0.6959,0.881,37.8
0.6966,0.8776,40.8
0.6993,0.8778,38.6
0.6993,0.8781,36.8
0.6993,0.8793,37.0
0.6993,0.8794,40.4
0.6993,0.88,39.6
0.7,0.877,41.0
0.7027,0.8782,40.2
0.7027,0.8798,39.8
0.7027,0.8807,42.0
0.7027,0.8808,39.4
0.7027,0.8827,45.4
0.7027,0.8833,44.2
0.7061,0.8796,39.2
0.7061,0.8798,41.6
0.7061,0.8807,41.2
0.7061,0.8812,38.4
0.7061,0.8815,42.2
0.7061,0.8816,41.4
0.7061,0.8817,44.6
0.7061,0.8828,43.0
0.7061,0.8831,40.6
0.7061,0.8834,44.4
0.7061,0.8835,41.8
0.7061,0.8843,42.6
0.7061,0.885,46.0
0.7069,0.8845,46.6
0.7095,0.8815,43.2
0.7095,0.8824,43.6
0.7095,0.8836,43.8
0.7095,0.8837,44.0
0.7095,0.8849,42.4
0.7095,0.8851,45.8
0.7095,0.8855,44.8
0.7095,0.887,47.0
0.7095,0.887,45.2
0.7095,0.8887,47.2
0.7103,0.8868,48.4
0.7103,0.8887,49.6
0.7128,0.8815,42.8
0.7128,0.8836,43.4
0.7128,0.8836,45.0
0.7128,0.8847,46.4
0.7128,0.8852,49.0
0.7128,0.8857,48.0
0.7128,0.8863,47.8
0.7128,0.8869,47.4
0.7128,0.8869,48.6
0.7128,0.8872,46.2
0.7128,0.8877,49.2
0.7128,0.8881,46.8
0.7128,0.8883,47.6
0.7128,0.8895,48.8
0.7162,0.8867,48.2
0.7196,0.8855,45.6
0.7196,0.8875,49.4
