0.0,0.0,0.2
0.0,0.0,0.4
0.0,0.0,0.6
0.0,0.0028,0.8
0.0,0.0068,1.0
0.0062,0.0173,1.2
0.0125,0.0276,1.4
0.0375,0.0734,1.6
0.0435,0.0726,1.8
0.0466,0.0988,2.0
0.0932,0.1924,2.4
0.0994,0.1979,2.2
0.1366,0.266,2.6
0.1522,0.2873,2.8
0.1615,0.3167,3.0
0.1863,0.3333,3.2
0.1988,0.3443,3.4
0.2112,0.3489,3.6
0.2375,0.3759,3.8
0.2625,0.3914,4.0
0.2702,0.4142,4.2
0.2702,0.4257,4.4
0.2795,0.4381,4.6
0.3012,0.4769,4.8
0.323,0.5135,5.4
0.3292,0.5114,5.2
0.3385,0.5046,5.0
0.3665,0.5289,5.8
0.3696,0.5485,5.6
0.375,0.5592,6.2
0.3944,0.5615,6.4
0.4068,0.5901,7.0
0.413,0.6011,6.8
0.4161,0.5778,6.0
0.4286,0.6185,6.6
0.4317,0.6276,7.6
0.4379,0.6244,7.2
0.4503,0.646,7.8
0.4503,0.648,8.0
0.4534,0.6318,7.4
0.4596,0.6664,8.2
0.4658,0.6605,8.6
0.4752,0.6678,8.4
0.4814,0.6601,9.4
0.4907,0.6789,9.0
0.4938,0.6726,9.2
0.4969,0.6849,8.8
0.5,0.6961,9.8
0.5031,0.7033,11.0
0.5062,0.6863,9.6
0.5062,0.6947,10.2
0.5062,0.7013,10.4
0.5062,0.7019,10.0
0.5093,0.7094,10.8
0.5186,0.7198,11.2
0.5188,0.7135,11.4
0.5217,0.72,10.6
0.5248,0.7191,11.8
0.5248,0.7258,11.6
0.5311,0.7359,12.2
0.5342,0.7344,12.0
0.5373,0.739,12.6
0.5404,0.7349,13.2
0.5435,0.7345,12.8
0.5466,0.7458,13.0
0.5497,0.7422,12.4
0.5528,0.7476,14.0
0.559,0.7535,14.6
0.5652,0.7536,13.4
0.5652,0.7545,13.8
0.5652,0.7559,13.6
0.5683,0.7519,14.4
0.5683,0.7551,15.0
0.5714,0.7612,15.8
0.5719,0.7625,15.2
0.5719,0.7669,16.2
0.5776,0.7583,14.2
0.5776,0.7635,15.4
0.5776,0.7641,14.8
0.5807,0.7736,16.6
0.5839,0.7728,17.4
0.5839,0.7734,15.6
0.587,0.7704,16.0
0.587,0.773,17.0
0.5901,0.7793,16.4
0.5901,0.7799,18.6
0.5901,0.7802,17.2
0.5994,0.7811,17.8
0.5994,0.7844,18.0
0.5994,0.7868,18.4
0.6025,0.788,17.6
0.6056,0.7802,16.8
0.6056,0.7845,18.8
0.6062,0.7968,19.0
0.6087,0.7871,18.2
0.6087,0.7964,19.8
0.6118,0.793,19.2
0.6118,0.7933,19.4
0.6125,0.7922,21.4
0.6125,0.7979,20.0
0.6149,0.7951,20.6
0.6149,0.801,22.0
0.618,0.8009,21.8
0.618,0.8011,20.4
0.6211,0.7956,19.6
0.6211,0.8006,20.2
0.6211,0.8008,21.6
0.6211,0.8061,20.8
0.6211,0.807,21.0
0.6211,0.8101,23.4
0.6242,0.8052,23.0
0.6242,0.8053,22.2
0.6242,0.8111,24.0
0.6273,0.8046,22.6
0.6273,0.8064,24.4
0.6281,0.8069,22.4
0.6304,0.8056,23.6
0.6304,0.8071,21.2
0.6304,0.8115,23.2
0.6335,0.8116,22.8
0.6335,0.815,23.8
0.6398,0.8128,25.0
0.6438,0.8075,24.8
0.6522,0.8196,24.2
0.6553,0.8191,26.2
0.6563,0.8237,28.4
0.6584,0.8153,25.8
0.6584,0.8255,25.2
0.6584,0.8257,27.4
0.6584,0.8288,27.6
0.6615,0.8176,24.6
0.6615,0.8209,26.0
0.6615,0.8254,26.8
0.6615,0.8263,25.4
0.6615,0.8279,26.6
0.6615,0.8308,27.8
0.6615,0.8372,33.8
0.6615,0.8394,34.2
0.6625,0.8263,30.4
0.6625,0.8272,30.6
0.6646,0.8222,28.0
0.6646,0.8258,25.6
0.6646,0.8277,26.4
0.6646,0.8283,30.2
0.6646,0.8287,27.0
0.6646,0.8303,28.6
0.6646,0.8314,27.2
0.6646,0.8317,28.2
0.6646,0.8324,29.2
0.6646,0.8324,29.4
0.6646,0.8329,28.8
0.6646,0.8331,31.4
0.6646,0.8335,32.4
0.6646,0.8351,29.8
0.6646,0.836,31.2
0.6646,0.8364,30.8
0.6646,0.8365,29.6
0.6646,0.8374,31.0
0.6646,0.8376,30.0
0.6646,0.8376,33.0
0.6646,0.8384,32.2
0.6646,0.8394,33.4
0.6646,0.8399,31.8
0.6646,0.84,32.8
0.6646,0.84,31.6
0.6646,0.8401,29.0
0.6646,0.8406,32.0
0.6646,0.8407,35.6
0.6646,0.8412,32.6
0.6646,0.843,33.2
0.6646,0.8439,34.0
0.6646,0.8449,36.0
0.6646,0.846,35.0
0.6646,0.846,34.4
0.6646,0.8465,33.6
0.6646,0.8467,37.6
0.6646,0.847,35.4
0.6677,0.8458,34.6
0.6677,0.8479,37.2
0.6677,0.8495,35.8
0.6677,0.8521,37.8
0.6687,0.8471,37.0
0.6687,0.8497,36.2
0.6687,0.8524,36.8
0.6708,0.8472,35.2
0.6708,0.8496,38.2
0.6708,0.8497,40.0
0.6708,0.8558,39.2
0.6739,0.8454,36.6
0.6739,0.848,34.8
0.6739,0.85,38.4
0.6739,0.8505,38.6
0.6739,0.8514,36.4
0.6739,0.8518,38.0
0.6739,0.8518,40.2
0.6739,0.8532,39.8
0.6739,0.855,44.0
0.6739,0.8562,40.8
0.675,0.857,43.2
0.677,0.8475,37.4
0.677,0.8525,39.4
0.677,0.8535,39.0
0.677,0.8542,39.6
0.677,0.8561,40.4
0.677,0.8565,43.4
0.677,0.8588,44.4
0.6781,0.8554,43.0
0.6801,0.8555,41.4
0.6801,0.8555,42.0
0.6801,0.8563,40.6
0.6801,0.8567,41.0
0.6801,0.858,44.2
0.6801,0.8594,42.8
0.6801,0.8597,38.8
0.6832,0.8565,41.2
0.6832,0.8571,43.8
0.6832,0.8575,43.6
0.6832,0.859,41.6
0.6832,0.8594,44.8
0.6832,0.8604,46.4
0.6832,0.861,47.0
0.6832,0.8616,47.4
0.6863,0.8588,42.2
0.6863,0.8595,44.6
0.6863,0.8596,41.8
0.6863,0.8598,42.6
0.6875,0.8613,48.2
0.6894,0.859,45.0
0.6894,0.862,42.4
0.6894,0.8624,46.6
0.6894,0.8633,45.6
0.6894,0.8637,45.8
0.6906,0.8613,47.8
0.6906,0.8625,49.4
0.6906,0.8657,49.2
0.6925,0.8631,45.4
0.6925,0.8643,47.2
0.6925,0.8652,46.0
0.6957,0.8631,48.6
0.6957,0.864,45.2
0.6957,0.8682,48.4
0.6988,0.8637,49.0
0.6988,0.8648,48.8
0.6988,0.8653,46.2
0.6988,0.8666,46.8
0.705,0.865,49.6
0.705,0.8658,47.6
0.705,0.8669,48.0
